[
  [
    1640635200000,
    567.73,
    567.73,
    567.73,
    567.73
  ],
  [
    1640649600000,
    568.05,
    569.89,
    568,
    569.89
  ],
  [
    1640664000000,
    564.68,
    564.68,
    552.11,
    552.11
  ],
  [
    1640678400000,
    552.11,
    552.11,
    547.97,
    550.03
  ],
  [
    1640692800000,
    548.55,
    549.98,
    548.55,
    549.48
  ],
  [
    1640707200000,
    554.06,
    554.06,
    549.69,
    549.69
  ],
  [
    1640721600000,
    547.12,
    547.12,
    532.98,
    532.98
  ],
  [
    1640736000000,
    534.43,
    537.99,
    534.43,
    536.15
  ],
  [
    1640750400000,
    536.18,
    539.66,
    536.18,
    539.66
  ],
  [
    1640764800000,
    539.89,
    539.89,
    536.28,
    536.28
  ],
  [
    1640779200000,
    535.33,
    540.71,
    535.33,
    535.7
  ],
  [
    1640793600000,
    537.13,
    537.13,
    530.08,
    531.63
  ],
  [
    1640808000000,
    532.31,
    532.31,
    524.29,
    524.29
  ],
  [
    1640822400000,
    523.37,
    523.37,
    520.38,
    520.55
  ],
  [
    1640836800000,
    514.96,
    517.21,
    514.96,
    515.66
  ],
  [
    1640851200000,
    515.84,
    521.04,
    515.81,
    521.04
  ],
  [
    1640865600000,
    522.2,
    522.2,
    518.77,
    521.64
  ],
  [
    1640880000000,
    528.52,
    528.52,
    522.17,
    522.24
  ],
  [
    1640894400000,
    520.23,
    525.64,
    520.23,
    523.26
  ],
  [
    1640908800000,
    519.76,
    519.76,
    516.06,
    517.48
  ],
  [
    1640923200000,
    518.37,
    518.4,
    512.73,
    512.73
  ],
  [
    1640937600000,
    514.42,
    516.89,
    514.42,
    516.31
  ],
  [
    1640952000000,
    512.17,
    528.8,
    512.17,
    521.96
  ],
  [
    1640966400000,
    522.24,
    522.76,
    521.41,
    522.76
  ],
  [
    1640980800000,
    522.17,
    522.17,
    513.28,
    513.28
  ],
  [
    1640995200000,
    505.77,
    513.91,
    505.77,
    513.91
  ],
  [
    1641009600000,
    511.43,
    519.2,
    511.43,
    518.71
  ],
  [
    1641024000000,
    518.69,
    519.55,
    514.9,
    514.9
  ],
  [
    1641038400000,
    516.57,
    516.57,
    514.37,
    514.37
  ],
  [
    1641052800000,
    514.06,
    517.3,
    514.06,
    516.93
  ],
  [
    1641067200000,
    519.53,
    527.8,
    519.53,
    524.52
  ],
  [
    1641081600000,
    524.06,
    526.52,
    524.06,
    526.52
  ],
  [
    1641096000000,
    528.87,
    528.87,
    523.5,
    524.67
  ],
  [
    1641110400000,
    524.12,
    524.12,
    519.38,
    522.59
  ],
  [
    1641124800000,
    522.17,
    523.97,
    522.17,
    523.44
  ],
  [
    1641139200000,
    523.94,
    524.39,
    523.39,
    524.16
  ],
  [
    1641153600000,
    526.92,
    531.43,
    526.92,
    527.78
  ],
  [
    1641168000000,
    529.63,
    532.4,
    529.63,
    532.4
  ],
  [
    1641182400000,
    531.65,
    531.65,
    526.8,
    526.8
  ],
  [
    1641196800000,
    524.92,
    528.67,
    524.12,
    524.12
  ],
  [
    1641211200000,
    526.37,
    528.95,
    526.37,
    528.95
  ],
  [
    1641225600000,
    532.62,
    532.62,
    527.91,
    527.91
  ],
  [
    1641240000000,
    527.13,
    527.13,
    517.28,
    517.28
  ],
  [
    1641254400000,
    514.87,
    514.87,
    512.38,
    513.6
  ],
  [
    1641268800000,
    513.24,
    513.24,
    506.25,
    506.25
  ],
  [
    1641283200000,
    510.93,
    511.61,
    507.87,
    511.61
  ],
  [
    1641297600000,
    513.59,
    516.87,
    510.83,
    516.87
  ],
  [
    1641312000000,
    515.45,
    521.5,
    514.97,
    521.5
  ],
  [
    1641326400000,
    514.6,
    516.08,
    507.33,
    507.33
  ],
  [
    1641340800000,
    508.44,
    512.45,
    508.44,
    509.93
  ],
  [
    1641355200000,
    507.78,
    512.43,
    507.78,
    512.43
  ],
  [
    1641369600000,
    512.68,
    514.33,
    511.87,
    514.33
  ],
  [
    1641384000000,
    513.66,
    515.43,
    513.66,
    514.66
  ],
  [
    1641398400000,
    510.52,
    513.37,
    510.52,
    513.37
  ],
  [
    1641412800000,
    512.31,
    512.31,
    509.05,
    509.26
  ],
  [
    1641427200000,
    495.07,
    495.07,
    474.17,
    474.17
  ],
  [
    1641441600000,
    476.58,
    476.58,
    469.17,
    469.17
  ],
  [
    1641456000000,
    465.36,
    469.05,
    465.36,
    469.05
  ],
  [
    1641470400000,
    471.49,
    471.49,
    462.28,
    466.58
  ],
  [
    1641484800000,
    463.72,
    470.47,
    463.4,
    470.47
  ],
  [
    1641499200000,
    471.98,
    482.51,
    471.98,
    482.51
  ],
  [
    1641513600000,
    479.64,
    479.64,
    475.78,
    476.86
  ],
  [
    1641528000000,
    474.79,
    474.79,
    469.11,
    469.11
  ],
  [
    1641542400000,
    452.02,
    452.02,
    441.16,
    441.16
  ],
  [
    1641556800000,
    446.63,
    456.7,
    446.63,
    454.36
  ],
  [
    1641571200000,
    453.32,
    456.17,
    441.01,
    453.05
  ],
  [
    1641585600000,
    443.12,
    453.77,
    443.12,
    449.88
  ],
  [
    1641600000000,
    451.42,
    454.12,
    446.4,
    446.4
  ],
  [
    1641614400000,
    448.58,
    455.13,
    448.58,
    452.44
  ],
  [
    1641628800000,
    451.31,
    455.05,
    451.31,
    455.05
  ],
  [
    1641643200000,
    456.16,
    459.27,
    455.82,
    455.82
  ],
  [
    1641657600000,
    455.29,
    455.34,
    454.68,
    454.68
  ],
  [
    1641672000000,
    448.67,
    448.67,
    431.51,
    431.51
  ],
  [
    1641686400000,
    420.2,
    434.51,
    420.2,
    434.51
  ],
  [
    1641700800000,
    430.93,
    436.75,
    430.93,
    436.75
  ],
  [
    1641715200000,
    433.13,
    437.12,
    433.13,
    435.91
  ],
  [
    1641729600000,
    435.15,
    435.15,
    429.99,
    431.61
  ],
  [
    1641744000000,
    435.26,
    435.26,
    431.78,
    432.93
  ],
  [
    1641758400000,
    430.74,
    440.95,
    430.74,
    440.95
  ],
  [
    1641772800000,
    444.85,
    444.85,
    439.53,
    439.53
  ],
  [
    1641787200000,
    439.16,
    440.65,
    437.06,
    440.65
  ],
  [
    1641801600000,
    440.29,
    445.93,
    440.29,
    443.2
  ],
  [
    1641816000000,
    442.83,
    442.83,
    438.71,
    438.71
  ],
  [
    1641830400000,
    433.83,
    433.83,
    420.31,
    420.31
  ],
  [
    1641844800000,
    415.92,
    427.17,
    415.92,
    419.25
  ]
]